MN_mean	NN_mean	theta	prob	log2FC	length	GC	Chrom	GeneStart	GeneEnd	Biotype	ENSEMBL	SYMBOL	ENTREZ
ENSG00000012223	1459.53761157687	4384.08476855263	-2.64368488805297	1	-1.58676430495375	49590	46.95	3	46435645	46485234	protein_coding	ENSG00000012223	LTF	4057
ENSG00000076864	584.683541893104	2754.5754426551	-2.53578170784992	1	-2.23610208920659	73149	56.63	1	21596215	21669363	protein_coding	ENSG00000076864	RAP1GAP	5909
ENSG00000124107	355.16960994906	1021.68680149148	-2.66614034916081	1	-1.52437295726216	2326	51.29	20	45252239	45254564	protein_coding	ENSG00000124107	SLPI	6590
ENSG00000133112	3957.53967468732	6728.12843461111	-2.67122059451344	1	-0.765601432173679	7814	43.84	13	45333471	45341284	protein_coding	ENSG00000133112	TPT1	7178
ENSG00000133742	2214.95095487498	14671.050388291	-2.95968839875994	1	-2.72762550688226	51407	37.14	8	85327608	85379014	protein_coding	ENSG00000133742	CA1	759
ENSG00000137462	26905.3297415487	41489.0438569835	-2.66653803489542	1	-0.624838421685794	22191	38.83	4	153684070	153706260	protein_coding	ENSG00000137462	TLR2	7097
ENSG00000148346	586.274399009877	1976.07935936679	-2.84516748411158	1	-1.75299292203428	4383	60.89	9	128149071	128153453	protein_coding	ENSG00000148346	LCN2	3934
ENSG00000182512	3175.98375118761	7297.08757209369	-2.57219588364484	1	-1.20011723614263	11222	45.13	14	95533503	95544724	protein_coding	ENSG00000182512	GLRX5	51218
ENSG00000164047	266.94636842547	781.502072160567	-2.55624935853601	1	-1.54969977603305	2145	55.8	3	48223347	48225491	protein_coding	ENSG00000164047	CAMP	820
ENSG00000169877	785.424293365597	3084.76678075701	-2.7376296008163	0.999999999999997	-1.97361729394905	904	52.32	16	31527900	31528803	protein_coding	ENSG00000169877	AHSP	51327
ENSG00000131981	3264.32071980462	6354.84485727724	-2.60132079317172	0.999999999999997	-0.961074095525107	21314	44.62	14	55124110	55145423	protein_coding	ENSG00000131981	LGALS3	3958
ENSG00000147454	113139.254700838	177337.070017168	-2.54503923371728	0.999999999999997	-0.648394572025756	46508	48.38	8	23528956	23575463	protein_coding	ENSG00000147454	SLC25A37	51312
ENSG00000158578	54503.6991474555	131176.425451873	-2.7245174923735	0.99999999999999	-1.2670824138222	21923	43.13	X	55009055	55030977	protein_coding	ENSG00000158578	ALAS2	212
ENSG00000137198	2936.11108163862	5666.9281442628	-2.58904083764581	0.99999999999999	-0.948660358851062	56963	47.82	6	16238587	16295549	protein_coding	ENSG00000137198	GMPR	2766
ENSG00000146122	846.312620388273	3924.98134088513	-2.61646917886316	0.999999999999989	-2.21342320985535	112580	47.6	6	39792298	39904877	protein_coding	ENSG00000146122	DAAM2	23500
ENSG00000090013	4228.21413206517	7646.34632263351	-2.37951926725538	0.999999999999987	-0.854722103141885	18000	49.72	19	40447765	40465764	protein_coding	ENSG00000090013	BLVRB	645
ENSG00000238243	1664.85078994514	3223.54053788288	-2.53746407036106	0.999999999999986	-0.953253242872486	945	56.93	1	247895587	247896531	protein_coding	ENSG00000238243	OR2W3	343171
ENSG00000106070	2861.67533416239	7589.46947247569	-3.04349021675456	0.999999999999982	-1.40713903711975	203400	45.52	7	50590063	50793462	protein_coding	ENSG00000106070	GRB10	2887
ENSG00000163221	1780.94038750047	3467.51229361193	-2.68657574193966	0.999999999999977	-0.961261770784469	1911	49.61	1	153373711	153375621	protein_coding	ENSG00000163221	S100A12	6283
ENSG00000204936	207.538718012414	848.822554344477	-2.77039711455724	0.999999999999964	-2.03208248318904	9487	56.15	19	43353686	43363172	protein_coding	ENSG00000204936	CD177	57126
ENSG00000102837	151.164475263626	875.147533449644	-2.92868075212874	0.99999999999996	-2.53340711305068	23245	40.05	13	53028813	53052057	protein_coding	ENSG00000102837	OLFM4	10562
ENSG00000189221	70.7586358816237	413.314407775208	-2.74254891368035	0.999999999999948	-2.54626151521069	91918	40.27	X	43654907	43746824	protein_coding	ENSG00000189221	MAOA	4128
ENSG00000152463	40.7237911525337	306.617677460465	-2.99938334156363	0.999999999999913	-2.91249709578724	41627	43.07	10	15032227	15073853	protein_coding	ENSG00000152463	OLAH	55301
ENSG00000124098	7757.97514844118	14686.1710871642	-2.35257577185325	0.999999999999907	-0.920706252396454	9690	49.24	20	56358974	56368663	protein_coding	ENSG00000124098	FAM210B	116151
ENSG00000179869	1040.11274068813	2791.35955284395	-2.81868376379859	0.999999999999891	-1.42422805425907	476040	38.84	7	48171458	48647497	protein_coding	ENSG00000179869	ABCA13	154664
ENSG00000163220	40407.160579209	61621.4623683659	-2.88967304759889	0.999999999999884	-0.608821943509589	3170	52.56	1	153357854	153361023	protein_coding	ENSG00000163220	S100A9	6280
ENSG00000118113	180.010948466588	981.139573713044	-3.14840773283844	0.999999999999879	-2.44637372858657	15255	39.04	11	102711796	102727050	protein_coding	ENSG00000118113	MMP8	4317
ENSG00000198363	9446.05056179461	16457.6552575069	-2.81818101980031	0.999999999999871	-0.800975644930576	214085	38.17	8	61500556	61714640	protein_coding	ENSG00000198363	ASPH	444
ENSG00000087116	118.45666409169	1151.05677901663	-3.77441533253127	0.999999999999868	-3.28052773151122	234609	53.88	5	179110853	179345461	protein_coding	ENSG00000087116	ADAMTS2	9509
ENSG00000122025	418.374433958686	1123.33825286705	-2.69397500497468	0.999999999999808	-1.42492580969481	97319	43.22	13	28003274	28100592	protein_coding	ENSG00000122025	FLT3	2322
ENSG00000213719	10002.7574461699	12375.4176820904	-2.32266188293509	0.999999999999	-0.307079457786808	9183	51	6	31730581	31739763	protein_coding	ENSG00000213719	CLIC1	1192
ENSG00000159346	42796.6934739397	71064.3827250135	-2.32155112856966	0.999999999996748	-0.731627329653262	17747	44.28	1	202940826	202958572	protein_coding	ENSG00000159346	ADIPOR1	51094
ENSG00000115590	10754.731939706	21911.7132954374	-2.38473080634787	0.999999999987321	-1.02673072806383	36585	44.63	2	101991960	102028544	protein_coding	ENSG00000115590	IL1R2	7850
ENSG00000057757	2084.67487825979	4514.91850192325	-2.38524292022266	0.999999999982147	-1.11487754471271	9815	44.53	1	23778418	23788232	protein_coding	ENSG00000057757	PITHD1	57095
ENSG00000121270	33.0589845589137	193.185960144217	-2.46529861871194	0.999999999905468	-2.54687593308241	81796	45.6	16	48165773	48247568	protein_coding	ENSG00000121270	ABCC11	85320
ENSG00000181788	3935.58254827451	7523.39085221534	-2.31457240278879	0.999999997537638	-0.934805842146826	22353	44.98	3	150741125	150763477	protein_coding	ENSG00000181788	SIAH2	6478
ENSG00000092841	3531.7654186695	5004.66713977864	-2.31211641257736	0.999999978489176	-0.502884596896775	5151	51.25	12	56158346	56163496	protein_coding	ENSG00000092841	MYL6	4637
ENSG00000027697	9182.4662856949	11690.3475148234	-2.1507232230556	0.999999871493712	-0.348364217905757	21965	38.8	6	137197485	137219449	protein_coding	ENSG00000027697	IFNGR1	3459
ENSG00000157554	260.265714703209	594.829856061125	-2.15211611903037	0.999999829621016	-1.19249178653116	281754	41.91	21	38380027	38661780	protein_coding	ENSG00000157554	ERG	2078
ENSG00000145428	3814.15584958883	5889.99594874103	-2.15285462012402	0.99999972419672	-0.626902847163519	49865	41	4	153710160	153760024	protein_coding	ENSG00000145428	RNF175	285533
ENSG00000166710	48596.0223819133	63601.2864193358	-2.14851517822774	0.999999650730752	-0.388217713126616	7365	42.65	15	44711487	44718851	protein_coding	ENSG00000166710	B2M	567
ENSG00000239839	656.323631183128	2417.65518403138	-2.396905822429	0.999999407871828	-1.88112921219806	2429	43.85	8	7015869	7018297	protein_coding	ENSG00000239839	DEFA3	1668
ENSG00000135046	3235.17839510899	4246.8001321481	-2.15510479047672	0.999998835867735	-0.392530944586027	18529	34.68	9	73151865	73170393	protein_coding	ENSG00000135046	ANXA1	301
ENSG00000148175	5299.4791711332	10062.7699124635	-2.14669952050867	0.999998707690459	-0.92510499622027	31318	39.57	9	121338987	121370304	protein_coding	ENSG00000148175	STOM	2040
ENSG00000272396	31.9760235145075	115.332811488431	-2.15532100730542	0.999998604525646	-1.85074056549957	8286	52.04	19	43360685	43368970	lncRNA	ENSG00000272396	NA	NA
ENSG00000115604	3665.36407956012	7237.82804894486	-2.15615775930894	0.999997696429608	-0.981600325657734	87249	39.54	2	102311529	102398777	protein_coding	ENSG00000115604	IL18R1	8809
ENSG00000119950	8226.46672846064	14299.4997504603	-2.15787418009828	0.999993093227909	-0.797619846509398	79761	40.13	10	110207605	110287365	protein_coding	ENSG00000119950	MXI1	4601
ENSG00000163736	1913.95103893329	3133.97276357402	-2.1388676506144	0.999885985079311	-0.711438717331922	1752	38.3	4	73986439	73988190	protein_coding	ENSG00000163736	PPBP	5473
ENSG00000123836	1175.9240093149	2403.36009158075	-2.25422892128902	0.999725707489882	-1.0312579881467	46659	42.36	1	207034366	207081024	protein_coding	ENSG00000123836	PFKFB2	5208
ENSG00000177575	974.99013831672	1640.81704141816	-2.29684069604874	0.999589194553184	-0.75095484904991	33083	37.42	12	7470811	7503893	protein_coding	ENSG00000177575	CD163	9332
ENSG00000136819	2292.2819036066	4619.36517289286	-2.29558345982941	0.999274122624781	-1.01091012263716	8574	48.01	9	129827290	129835863	protein_coding	ENSG00000136819	C9orf78	51759
ENSG00000096060	17422.0998644267	29262.7972289152	-2.10485195546542	0.999207750292067	-0.748149162506037	154999	41.97	6	35573585	35728583	protein_coding	ENSG00000096060	FKBP5	2289
ENSG00000082146	14994.5241189549	26588.6681600725	-2.10463616084864	0.999177261117017	-0.826375777539438	92989	38.23	2	201387858	201480846	protein_coding	ENSG00000082146	STRADB	55437
ENSG00000206177	1051.61514042694	1883.02729944251	-2.07750291276043	0.999154529767487	-0.840447097627108	12873	58.25	16	153892	166764	protein_coding	ENSG00000206177	HBM	3042
ENSG00000172331	2448.68529180076	7291.59334800503	-2.10813700888416	0.999125840431862	-1.5742267357668	33006	39.66	7	134646811	134679816	protein_coding	ENSG00000172331	BPGM	669
ENSG00000169826	8473.53835386712	10575.3854345851	-1.93129371044428	0.998956473036755	-0.319673808716694	46858	38.92	10	43138445	43185302	protein_coding	ENSG00000169826	CSGALNACT2	55454
ENSG00000243317	2849.64915763422	4130.74505842328	-1.92680758350764	0.998894198476278	-0.535617713743803	30923	43.1	7	135662496	135693418	protein_coding	ENSG00000243317	STMP1	647087
ENSG00000138449	4945.14847173038	6487.47825478613	-2.10256653132461	0.99877516181959	-0.391643961045724	23169	38.25	2	189560590	189583758	protein_coding	ENSG00000138449	SLC40A1	30061
ENSG00000124172	1156.75578930476	1645.95060623506	-1.92622240874839	0.998736583126061	-0.508836722905727	6871	39.32	20	59025475	59032345	protein_coding	ENSG00000124172	ATP5F1E	514
ENSG00000185774	281.376716881841	554.416756244223	-1.92613208808595	0.99871250247008	-0.978467906356699	1220167	37.71	4	20728606	21948772	protein_coding	ENSG00000185774	KCNIP4	80333
ENSG00000087086	111576.339481861	140120.337502569	-2.24994527716617	0.998619660888341	-0.328635241871978	1571	55.82	19	48965309	48966879	protein_coding	ENSG00000087086	FTL	2512
ENSG00000066926	5526.3127866929	12766.1247879385	-2.07404412676369	0.998444675788352	-1.20793152978234	42356	42.66	18	57544377	57586732	protein_coding	ENSG00000066926	FECH	2235
ENSG00000134463	685.650191712591	1661.63128091146	-2.22229030303699	0.998401787438788	-1.27705565273159	21705	47.51	10	11742366	11764070	protein_coding	ENSG00000134463	ECHDC3	79746
ENSG00000022840	24427.2786706219	36824.6989182781	-2.08337514113127	0.997992814134576	-0.592180581097561	44109	45.25	12	120533480	120577588	protein_coding	ENSG00000022840	RNF10	9921
ENSG00000105701	23439.9487147753	33032.2107116429	-2.08388611197447	0.997802986543866	-0.494904113339538	12327	56.64	19	18531751	18544077	protein_coding	ENSG00000105701	FKBP8	23770
ENSG00000138772	3448.13892731701	4982.95771551017	-1.9238750396418	0.997655715217722	-0.531184429086576	58705	39.9	4	78551747	78610451	protein_coding	ENSG00000138772	ANXA3	306
ENSG00000122862	30173.0381681397	41184.1627804841	-2.08429508682968	0.997637209455768	-0.448829690027026	16703	42.48	10	69088103	69104805	protein_coding	ENSG00000122862	SRGN	5552
ENSG00000008441	7937.9802306538	12340.9832487864	-1.92378279372452	0.997605459404141	-0.636613469108471	103322	55.31	19	12995475	13098796	protein_coding	ENSG00000008441	NFIX	4784
ENSG00000164104	756.927141159309	1319.67739335355	-2.2182170652742	0.997424184510747	-0.801958949466328	3057	45.5	4	173331376	173334432	protein_coding	ENSG00000164104	HMGB2	3148
ENSG00000170315	5053.77371701134	9469.50682576775	-2.17092425481174	0.997422300088013	-0.905928222758312	1948	51.44	17	16380798	16382745	protein_coding	ENSG00000170315	UBB	7314
ENSG00000179593	66.2911129433012	218.36490154066	-2.08514753573604	0.99728555059422	-1.71985360690892	10101	55.65	17	8039034	8049134	protein_coding	ENSG00000179593	ALOX15B	247
ENSG00000187554	4914.19806590292	6922.3744692148	-2.11344354482213	0.997084733395986	-0.494310980458503	33845	46.59	1	223109404	223143248	protein_coding	ENSG00000187554	TLR5	7100
ENSG00000143761	13670.7521170582	15846.2025100562	-1.92261353368175	0.996830103886212	-0.213044527525274	16553	52.33	1	228082660	228099212	protein_coding	ENSG00000143761	ARF1	375
ENSG00000167768	1810.27471966973	3900.62317043246	-2.21687978233609	0.996739263480641	-1.10749597864289	5672	47.13	12	52674736	52680407	protein_coding	ENSG00000167768	KRT1	3848
ENSG00000122026	2967.54043520154	4448.50550015502	-2.08647304884829	0.996728892607963	-0.584053048238625	5330	41.73	13	27251362	27256691	protein_coding	ENSG00000122026	RPL21	6144
ENSG00000004939	32190.1071882306	69307.8587310823	-2.29174210489477	0.996719474903869	-1.10640156623511	19752	55.79	17	44248390	44268141	protein_coding	ENSG00000004939	SLC4A1	6521
ENSG00000133606	20012.9121523629	34513.7526832771	-2.21682631843012	0.996709742706294	-0.786240232282879	26504	45.73	7	140453033	140479536	protein_coding	ENSG00000133606	MKRN1	23608
ENSG00000179262	3486.38088129977	5300.21947178581	-1.92236885337029	0.996660603772342	-0.604321910008044	7788	54.44	19	12945855	12953642	protein_coding	ENSG00000179262	RAD23A	5886
ENSG00000097033	10669.9326304952	13102.5192493162	-2.04667073096522	0.99651756724267	-0.296293161409859	43615	36.11	1	86704570	86748184	protein_coding	ENSG00000097033	SH3GLB1	51100
ENSG00000112335	5769.66402358449	7850.84323034556	-2.24696171364859	0.996516150290925	-0.444360305957839	50025	41.15	6	108211222	108261246	protein_coding	ENSG00000112335	SNX3	8724
ENSG00000143774	11972.7967812451	16448.6746477285	-2.02565456726963	0.996372686184033	-0.45821114597461	9023	61.76	1	228139962	228148984	protein_coding	ENSG00000143774	GUK1	2987
ENSG00000234690	277.027045088707	693.44452003051	-2.08744519394784	0.996346285205314	-1.32375363445451	152670	46.05	2	47192405	47345074	lncRNA	ENSG00000234690	EPCAM-DT	101927043
ENSG00000229117	2114.64600977426	3098.71979146344	-2.08814906299872	0.996087705832867	-0.551256124515982	1378	46.23	12	56116590	56117967	protein_coding	ENSG00000229117	RPL41	6171
ENSG00000233276	7547.12582371765	13643.0717672537	-2.11514467467558	0.99602216187541	-0.854169275101197	1178	62.31	3	49357176	49358353	protein_coding	ENSG00000233276	GPX1	2876
ENSG00000255801	8021.50122670084	13309.8512687763	-2.09512793766267	0.995924617893844	-0.730550281980441	19253	40.62	12	8548361	8567613	lncRNA	ENSG00000255801	NA	NA
ENSG00000115607	5953.53920958582	9331.40490413625	-2.18988446834401	0.995430333031656	-0.648346740041709	33877	40.03	2	102418689	102452565	protein_coding	ENSG00000115607	IL18RAP	8807
ENSG00000200488	28406.3571017403	35185.7857457801	-1.9361509414525	0.995140633834928	-0.308778901916661	332	58.43	2	76445079	76445410	misc_RNA	ENSG00000200488	NA	NA
ENSG00000198876	21058.677360526	34481.6738147794	-2.12626263907252	0.994852841957047	-0.711414980280623	41013	45.99	9	34086387	34127399	protein_coding	ENSG00000198876	DCAF12	25853
ENSG00000198858	44128.0669951934	58887.1522071982	-2.11739741717131	0.994602961846135	-0.416256353967504	16743	58.93	19	896503	913245	protein_coding	ENSG00000198858	R3HDM4	91300
ENSG00000198336	561.665599503651	1042.64380671081	-2.03402680719452	0.994329339381663	-0.89246303162321	23234	45.91	17	47200446	47223679	protein_coding	ENSG00000198336	MYL4	4635
ENSG00000180509	2458.97759872283	4098.15135094906	-2.02211575964313	0.99423890517402	-0.736914674203285	65527	43.71	21	34446688	34512214	protein_coding	ENSG00000180509	KCNE1	3753
ENSG00000183696	4471.64110100652	5414.39916363927	-2.12496601724565	0.994090962480631	-0.275996850232687	20109	48.3	7	48088628	48108736	protein_coding	ENSG00000183696	UPP1	7378
ENSG00000168916	1032.60027593931	2113.18699929099	-2.20466425380322	0.993931849358523	-1.0331385505692	111895	40.42	5	124636913	124748807	protein_coding	ENSG00000168916	ZNF608	57507
ENSG00000013306	73640.389730247	108074.999745646	-2.0350322561524	0.993808275849943	-0.55346366577988	5246	61.11	17	44319625	44324870	protein_coding	ENSG00000013306	SLC25A39	51629
ENSG00000079277	8277.02389481585	10337.8021849085	-2.00088042790711	0.993374158510855	-0.320745474091574	59437	48.24	1	46557407	46616843	protein_coding	ENSG00000079277	MKNK1	8569
ENSG00000240247	52.6545182721575	209.145374812621	-1.99797175886072	0.993292783151655	-1.98987685455902	2433	43.81	8	6996766	6999198	protein_coding	ENSG00000240247	DEFA1B	728358
ENSG00000137267	291.381657478074	764.724524954448	-2.2103483685731	0.99325870777801	-1.3920300801266	4048	55.01	6	3153497	3157544	protein_coding	ENSG00000137267	TUBB2A	7280
ENSG00000060138	28140.5228161682	44564.4766165513	-2.20679112300779	0.993160072276117	-0.663245030077113	24235	39.08	12	10699089	10723323	protein_coding	ENSG00000060138	YBX3	8531
ENSG00000180596	3725.53090869428	4755.80910838275	-2.20723453905959	0.993069058525835	-0.352244776234422	9054	37.87	6	26114873	26123926	protein_coding	ENSG00000180596	H2BC4	8347
ENSG00000167996	26254.4400681952	31366.0124107365	-2.03793735661468	0.992851252869577	-0.256640702273453	7917	50.4	11	61959718	61967634	protein_coding	ENSG00000167996	FTH1	2495
ENSG00000171552	22674.4813357356	37353.3979629654	-2.03816254859998	0.992848447133809	-0.720169937625797	59538	48.2	20	31664452	31723989	protein_coding	ENSG00000171552	BCL2L1	598
ENSG00000049089	358.452347108827	683.387617504848	-1.83594719754986	0.992288597414912	-0.930922768555681	17325	57.43	1	40300489	40317813	protein_coding	ENSG00000049089	COL9A2	1298
ENSG00000260231	585.756730225709	1165.18181823771	-2.00574832215039	0.992050430430389	-0.992181564055849	2457	50.47	7	140177184	140179640	lncRNA	ENSG00000260231	KDM7A-DT	100134229
ENSG00000278828	1514.90019676468	2153.30189668102	-2.0193681913316	0.992006092313932	-0.507327851500218	1237	49.07	6	27810064	27811300	protein_coding	ENSG00000278828	H3C10	8357
ENSG00000143546	4592.10546978181	7624.38297480434	-1.99459301318514	0.991893763016062	-0.731464810346469	1042	53.84	1	153390032	153391073	protein_coding	ENSG00000143546	S100A8	6279
ENSG00000086232	7823.15323796353	13158.4468936024	-2.41552927062847	0.991867290751593	-0.750167086685825	36929	44.67	7	6022247	6059175	protein_coding	ENSG00000086232	EIF2AK1	27102
ENSG00000169385	424.870288641612	729.278351099477	-1.84077934963398	0.991706078675548	-0.779447108875511	950	47.16	14	20955487	20956436	protein_coding	ENSG00000169385	RNASE2	6036
ENSG00000283646	77.9408086852163	223.541583539175	-2.00689719326361	0.991599718810645	-1.52009242308769	7068	50.42	3	46416524	46423591	lncRNA	ENSG00000283646	LINC02009	105377068
ENSG00000110693	1300.65970467481	2135.15003473307	-1.83459662703941	0.99152629496105	-0.715093895073865	773143	36.07	11	15966449	16739591	protein_coding	ENSG00000110693	SOX6	55553
ENSG00000206047	52.8364415073912	214.852384468696	-2.01809963028291	0.991087675373387	-2.02374057788072	2444	43.86	8	6977649	6980092	protein_coding	ENSG00000206047	DEFA1	1667
ENSG00000150681	3645.83482036642	4994.9428846862	-2.06143537827917	0.991029502346657	-0.454218981885024	27354	33.95	1	192158462	192185815	protein_coding	ENSG00000150681	RGS18	64407
ENSG00000123091	7718.02254944169	11989.1737264674	-2.00836283278785	0.991001816870468	-0.635429070018124	37175	41.24	1	51236273	51273447	protein_coding	ENSG00000123091	RNF11	26994
ENSG00000166947	1984.874748116	4262.74074279374	-2.06217446493815	0.990970176937651	-1.10273334255309	23792	50.03	15	43197227	43221018	protein_coding	ENSG00000166947	EPB42	2038
ENSG00000196547	6787.78810029787	8895.12160954553	-1.8868909632381	0.990528679629057	-0.390072801573227	20367	55.3	15	90902218	90922584	protein_coding	ENSG00000196547	MAN2A2	4122
ENSG00000103202	1035.89712277066	1456.58241194232	-1.88745183488057	0.990525500116799	-0.491706597086332	13643	58.71	16	396725	410367	protein_coding	ENSG00000103202	NME4	4833
ENSG00000198585	1137.84771783763	1660.04465449713	-1.88803736593993	0.990507744888122	-0.544914560367076	7160	48.83	3	131381671	131388830	protein_coding	ENSG00000198585	NUDT16	131870
ENSG00000100228	1461.10218588225	2238.61893223011	-1.88637560121546	0.990468614899199	-0.615551886858327	20298	55.37	22	23145366	23165663	protein_coding	ENSG00000100228	RAB36	9609
ENSG00000142534	8459.86243412237	10065.8404683275	-1.88595935012419	0.990378753449347	-0.250761529142432	3344	53.08	19	49496365	49499708	protein_coding	ENSG00000142534	RPS11	6205
ENSG00000183508	29767.8069283887	62972.0018262468	-2.01002652420448	0.990353769522632	-1.08095759172328	22342	43.96	1	117606048	117628389	protein_coding	ENSG00000183508	TENT5C	54855
ENSG00000034152	25108.372266404	34904.6150911925	-2.01036031506389	0.990230106792841	-0.475249298163543	30561	56.98	17	21284672	21315232	protein_coding	ENSG00000034152	MAP2K3	5606
ENSG00000136842	1616.60601545749	2896.53173426517	-1.88503272278539	0.990112087642878	-0.841358350084673	100564	46.76	9	97501180	97601743	protein_coding	ENSG00000136842	TMOD1	7111
ENSG00000183873	51.6561323676412	230.94235704245	-1.88469042836171	0.989965236291254	-2.16052126729499	101631	50.94	3	38548057	38649687	protein_coding	ENSG00000183873	SCN5A	6331
ENSG00000167210	1127.00158027425	1636.74946083755	-1.88449199258201	0.98987976396732	-0.538343965238511	180249	45.39	18	46476972	46657220	protein_coding	ENSG00000167210	LOXHD1	125336
ENSG00000006007	2406.58863068596	3188.93541449551	-1.83252563907188	0.989783179495901	-0.406085322627768	20431	40.14	16	19501693	19522123	protein_coding	ENSG00000006007	GDE1	51573
ENSG00000152926	2224.12455406238	2969.51118312529	-1.8909111275061	0.989428132246826	-0.416987882551377	34913	39.13	7	64971772	65006684	protein_coding	ENSG00000152926	ZNF117	51351
ENSG00000101782	6197.51229062539	12963.5675295059	-1.81617550992748	0.989257922936492	-1.06470166509522	33317	41.69	18	23453287	23486603	protein_coding	ENSG00000101782	RIOK3	8780
ENSG00000278771	27106.3818244254	34947.9985208286	-1.81069330322913	0.989202552889321	-0.366577280264787	299	62.21	14	49853616	49853914	misc_RNA	ENSG00000278771	RN7SL3	378707
ENSG00000158560	96.7937980925813	215.229227343844	-1.83162099542799	0.988867861521741	-1.15288748671877	337817	38.59	7	95772506	96110322	protein_coding	ENSG00000158560	DYNC1I1	1780
ENSG00000065978	12896.5894096548	17754.4846655329	-1.88241977938689	0.988702131331876	-0.461193900263789	21388	40.63	1	42682418	42703805	protein_coding	ENSG00000065978	YBX1	4904
ENSG00000253214	188.632726983426	347.013529695362	-1.83141489110299	0.988662392885884	-0.879411913833883	16160	38.01	8	81149107	81165266	lncRNA	ENSG00000253214	LOC105375924	105375924
ENSG00000130821	6427.37457588149	9727.28429398625	-1.81780159256913	0.988467991938342	-0.597807530765227	8663	65.01	X	153687926	153696588	protein_coding	ENSG00000130821	SLC6A8	6535
ENSG00000230492	696.385373084529	1106.94037198849	-1.80901757874812	0.98845611476729	-0.668619703990014	20577	45.27	20	23010209	23030785	lncRNA	ENSG00000230492	NA	NA
ENSG00000100225	23538.8932579686	36221.9104140713	-1.83105684391602	0.988293655273208	-0.621816148912715	24154	38.81	22	32474676	32498829	protein_coding	ENSG00000100225	FBXO7	25793
ENSG00000090376	16051.9244630779	22039.6565409813	-1.81840301831758	0.98811050393456	-0.457355469349885	65428	39.98	12	66189195	66254622	protein_coding	ENSG00000090376	IRAK3	11213
ENSG00000197561	117.326290135915	386.221493426033	-1.909567027649	0.988085202185254	-1.7189021287233	5234	58.58	19	851014	856247	protein_coding	ENSG00000197561	ELANE	1991
ENSG00000123700	4443.47762468312	6482.4079966748	-2.17962960276891	0.987728637329548	-0.544840601946952	11372	41.95	17	70168673	70180044	protein_coding	ENSG00000123700	KCNJ2	3759
ENSG00000101425	115.127678104523	284.578809662783	-1.80731445142279	0.987451130997774	-1.30559352301904	33356	48.09	20	38304150	38337505	protein_coding	ENSG00000101425	BPI	671
ENSG00000267365	151.953142517958	284.342342127513	-1.80718185171221	0.9873652574715	-0.904002439022808	2442	47.38	17	70166961	70169402	lncRNA	ENSG00000267365	KCNJ2-AS1	400617
ENSG00000130830	11547.8932024998	19254.279150147	-1.9900086223658	0.987325787561722	-0.737549441536638	42324	41.68	X	154778684	154821007	protein_coding	ENSG00000130830	MPP1	4354
ENSG00000174125	23111.7777679634	28295.2860543141	-1.90592623629367	0.987251568213378	-0.291933485777327	66141	40.78	4	38790677	38856817	protein_coding	ENSG00000174125	TLR1	7096
ENSG00000145741	3007.23424930989	4628.61572693684	-1.90548368152358	0.987115787063099	-0.622143541978413	7228	38.63	5	73498408	73505635	protein_coding	ENSG00000145741	BTF3	689
ENSG00000149806	2921.7871556878	3670.800935515	-1.90538330189894	0.987085300894063	-0.329243794877816	1548	53.42	11	65120630	65122177	protein_coding	ENSG00000149806	FAU	2197
ENSG00000118680	4436.26133997352	5304.41029502041	-1.88019077953015	0.987066673667779	-0.257848014815706	16983	40.74	18	3261479	3278461	protein_coding	ENSG00000118680	MYL12B	103910
ENSG00000196517	535.798095274361	1034.22246543641	-1.80625925965048	0.986763789751863	-0.948785190954425	39968	56.44	1	43991500	44031467	protein_coding	ENSG00000196517	SLC6A9	6536
ENSG00000146007	1606.57126507348	2328.77745128631	-1.80616479794306	0.986699851730884	-0.535587797543671	8007	43.69	5	140698680	140706686	protein_coding	ENSG00000146007	ZMAT2	153527
ENSG00000173597	10735.0137521848	13988.9358522177	-1.90390257789734	0.986573458505176	-0.381962180517032	66795	37.28	4	69721167	69787961	protein_coding	ENSG00000173597	SULT1B1	27284
ENSG00000147604	1463.3949409113	2187.65395871521	-1.80573924639146	0.986411691773941	-0.580065375425524	5548	50.65	8	73290242	73295789	protein_coding	ENSG00000147604	RPL7	6129
ENSG00000156381	517.392771466529	981.934383044871	-1.82901044386079	0.986319549158362	-0.924366722692864	8033	59.94	14	102501767	102509799	protein_coding	ENSG00000156381	ANKRD9	122416
ENSG00000181751	320.713469644464	668.828164222323	-1.98914475282533	0.986238631317369	-1.06035065350355	19898	37.42	5	103258763	103278660	protein_coding	ENSG00000181751	MACIR	90355
ENSG00000068971	1565.33256980413	2256.10368243297	-1.8054498801453	0.986215638477379	-0.527364166332372	16923	54.41	11	64917553	64934475	protein_coding	ENSG00000068971	PPP2R5B	5526
ENSG00000104522	1241.44886859439	2076.55853627552	-1.89598743174635	0.986192626247309	-0.742169697951591	5431	65.11	8	143612618	143618048	protein_coding	ENSG00000104522	GFUS	7264
ENSG00000158869	7367.04901395632	8941.55657242835	-1.82881134346432	0.986138948458275	-0.279439160762784	5466	49.29	1	161215234	161220699	protein_coding	ENSG00000158869	FCER1G	2207
ENSG00000172270	18538.8431559127	32367.1639218997	-1.97328679387787	0.986110500832171	-0.803979738126466	12218	62.58	19	571277	583494	protein_coding	ENSG00000172270	BSG	682
ENSG00000114784	2774.66303898661	4069.73542951789	-1.90257235051737	0.986088235795365	-0.552622430875941	2718	41.69	3	40309707	40312424	protein_coding	ENSG00000114784	EIF1B	10289
ENSG00000100300	5830.91548731759	7027.36416027311	-1.97353831494069	0.986068572674541	-0.269261248779577	11696	57.74	22	43151547	43163242	protein_coding	ENSG00000100300	TSPO	706
ENSG00000250608	2366.58391706166	3233.0315794464	-1.89653303987174	0.985967513845974	-0.450081519690538	56565	41.55	3	131325092	131381656	lncRNA	ENSG00000250608	NUDT16-DT	339874
ENSG00000070182	4607.96399354065	7719.91940141161	-1.98883938287397	0.985848622425414	-0.744456341685441	133625	48.21	14	64746283	64879907	protein_coding	ENSG00000070182	SPTB	6710
ENSG00000167671	5593.1377769124	7929.58732895112	-1.9010884076274	0.985633152068368	-0.503587918280188	12796	60	19	4444999	4457794	protein_coding	ENSG00000167671	UBXN6	80700
ENSG00000164821	68.6478687490875	255.010789658431	-1.9008746861685	0.98559336780556	-1.89327145358504	2487	45.15	8	6935820	6938306	protein_coding	ENSG00000164821	DEFA4	1669
ENSG00000185261	17211.9741484001	21219.6419262641	-1.84614935210595	0.985591075640383	-0.301987732965887	467754	36.66	5	94150851	94618604	protein_coding	ENSG00000185261	KIAA0825	285600
ENSG00000129472	3423.92454299124	5155.83318491657	-1.87814538219604	0.985507053440481	-0.590554678847808	17941	41.18	14	21459020	21476960	protein_coding	ENSG00000129472	RAB2B	84932
ENSG00000143416	6435.09697468579	14510.4990026022	-2.43388825685871	0.985443483888475	-1.17306333856437	8404	54.97	1	151364304	151372707	protein_coding	ENSG00000143416	SELENBP1	8991
ENSG00000147689	44.718424815905	185.57334754175	-1.82274776869668	0.985247310697748	-2.05304824628343	31120	49.8	8	123178960	123210079	protein_coding	ENSG00000147689	FAM83A	84985
ENSG00000173598	2792.81869246281	4077.70001387054	-1.94108313583453	0.985164602230499	-0.546033725755128	30264	41.97	12	93377883	93408146	protein_coding	ENSG00000173598	NUDT4	11163
ENSG00000165406	32945.4044646984	47362.8569204192	-1.80371501100618	0.98504696523858	-0.523678868164286	140322	40.34	10	45454585	45594906	protein_coding	ENSG00000165406	MARCHF8	220972
ENSG00000166523	2379.69053468651	3643.41552577954	-1.87752696393051	0.985040746946015	-0.614517570162587	7601	39.84	12	8533305	8540905	protein_coding	ENSG00000166523	CLEC4E	26253
ENSG00000078053	635.079708386154	916.482268039396	-1.80309424652883	0.984661925341799	-0.529169293149102	247717	39.13	7	38383704	38631420	protein_coding	ENSG00000078053	AMPH	273
ENSG00000158856	39794.64677651	56799.4105890294	-1.80306638489825	0.984644585189875	-0.513301588114173	33533	54.92	8	22048995	22082527	protein_coding	ENSG00000158856	DMTN	2039
ENSG00000198833	4868.2011754034	6110.26127155279	-1.97635576544822	0.984292557231099	-0.327845282478781	26098	39.93	6	89326625	89352722	protein_coding	ENSG00000198833	UBE2J1	51465
ENSG00000118492	117.933278424501	264.25724495171	-1.87592834114021	0.983969209912608	-1.16397214988772	216496	35.78	6	146598967	146815462	protein_coding	ENSG00000118492	ADGB	79747
ENSG00000170889	13027.6729203935	14972.8554171231	-1.97675493981058	0.98392948899069	-0.200769974355971	48195	51.78	19	54200809	54249003	protein_coding	ENSG00000170889	RPS9	6203
ENSG00000144820	16.2635093576	236.169288410904	-1.98679117338577	0.983307946378053	-3.8601108656354	85879	38.02	3	100609601	100695479	protein_coding	ENSG00000144820	ADGRG7	84873
ENSG00000099785	2410.74847473122	3279.77949011176	-1.87317803422354	0.982547773189257	-0.444117685870872	25748	51.12	19	8413270	8439017	protein_coding	ENSG00000099785	MARCHF2	51257
ENSG00000204933	9.50029288600875	41.2317214177827	-1.79680401515767	0.982123760820501	-2.11771079845895	6382	55.69	19	43372742	43379123	unprocessed_pseudogene	ENSG00000204933	NA	NA
ENSG00000129355	1709.66047931355	2168.89724789096	-1.79668212606084	0.982099149171272	-0.343251857138524	2600	58.54	19	10566460	10569059	protein_coding	ENSG00000129355	CDKN2D	1032
ENSG00000187244	197.725877938723	500.889012389627	-1.86932648432668	0.981697155015581	-1.34098926441446	12351	58.92	19	44809071	44821421	protein_coding	ENSG00000187244	BCAM	4059
ENSG00000029534	6269.15425771026	11893.1837725854	-1.86825640753948	0.981673434910566	-0.923792238256199	243543	49.32	8	41653220	41896762	protein_coding	ENSG00000029534	ANK1	286
ENSG00000136929	2195.73497598478	4278.6984663783	-1.79415026385576	0.981517739859948	-0.962468078845372	18066	39.24	9	97926791	97944856	protein_coding	ENSG00000136929	HEMGN	55363
ENSG00000162722	14465.4870327114	30039.1606821972	-1.98403161836091	0.980858983463367	-1.05422960577093	22952	43.73	1	247857187	247880138	protein_coding	ENSG00000162722	TRIM58	25893
ENSG00000099804	6822.68465499506	10105.9068935425	-1.84953119529291	0.98075956466036	-0.566787351997415	10333	64.64	19	531760	542092	protein_coding	ENSG00000099804	CDC34	997
ENSG00000105281	1933.15039079182	3603.13433994364	-1.85019487271813	0.97998348014074	-0.898298565094181	13712	54.4	19	46774883	46788594	protein_coding	ENSG00000105281	SLC1A5	6510
ENSG00000157514	13660.1120538712	17649.1673158209	-1.77135837623588	0.979827387352734	-0.369630800937987	64122	48.75	X	107713221	107777342	protein_coding	ENSG00000157514	TSC22D3	1831
ENSG00000169902	4657.13132838386	7821.56499055608	-1.85882520848331	0.979784310541671	-0.748015734510225	215227	42.21	7	66205317	66420543	protein_coding	ENSG00000169902	TPST1	8460
ENSG00000119801	5036.99223943121	6065.22184734953	-1.79038771601854	0.97960405371908	-0.267997907487051	13593	41.9	2	30146941	30160533	protein_coding	ENSG00000119801	YPEL5	51646
ENSG00000122641	18.3222282251512	64.0499041452885	-1.85828762122214	0.979443458528047	-1.80560144659258	38667	40.65	7	41667168	41705834	protein_coding	ENSG00000122641	INHBA	3624
ENSG00000136732	41257.0550972751	54218.0920340446	-1.63078281675741	0.979261129555597	-0.394133498565595	40535	50.19	2	126656133	126696667	protein_coding	ENSG00000136732	GYPC	2995
ENSG00000178913	1782.34989310273	2181.41692295122	-1.63296141869845	0.979228070663199	-0.291484951062623	60560	42.06	5	141260225	141320784	protein_coding	ENSG00000178913	TAF7	6879
ENSG00000165678	2536.40436742099	3098.8672482638	-1.63017037314754	0.979204160039566	-0.28895618680491	14060	37.74	10	84139509	84153568	protein_coding	ENSG00000165678	GHITM	27069
ENSG00000132471	15428.6023187285	18968.1204184666	-1.63013286939122	0.979200093721707	-0.297969353169186	10809	55.06	17	75845699	75856507	protein_coding	ENSG00000132471	WBP2	23558
ENSG00000185950	8254.60221112112	11088.055374689	-1.63324460878927	0.979185540632182	-0.425735769024691	33889	46.75	13	109752695	109786583	protein_coding	ENSG00000185950	IRS2	8660
ENSG00000112062	26534.2099042078	31155.1913657021	-1.63331602007189	0.979174781426574	-0.231618987464741	83560	39.88	6	36027677	36111236	protein_coding	ENSG00000112062	MAPK14	1432
ENSG00000058063	15882.5619834576	17967.7252908685	-1.63377222851053	0.979105716046445	-0.177964126181853	128127	36.02	3	182793503	182921629	protein_coding	ENSG00000058063	ATP11B	23200
ENSG00000135070	1673.89618062852	2332.73630038351	-1.62954819051812	0.979056312470247	-0.478813178913371	18557	41.36	9	86264546	86283102	protein_coding	ENSG00000135070	ISCA1	81689
ENSG00000115993	2696.80002088144	5213.14015046169	-1.78961469266899	0.978954660566281	-0.950904102374378	74294	37.71	2	201377207	201451500	protein_coding	ENSG00000115993	TRAK2	66008
ENSG00000167705	1071.39733299528	1615.68608337965	-1.77337204229252	0.978915703938965	-0.592653309751358	3722	64.54	17	1646145	1649866	protein_coding	ENSG00000167705	RILP	83547
ENSG00000005249	1351.8331663709	1910.93247447967	-1.76782590293693	0.97887465565205	-0.499359684081453	117107	38.61	7	107044705	107161811	protein_coding	ENSG00000005249	PRKAR2B	5577
ENSG00000132819	23492.3241942896	37904.9686149689	-1.77365212601501	0.978709219141675	-0.690197518173446	17938	59.97	20	57391396	57409333	protein_coding	ENSG00000132819	RBM38	55544
ENSG00000253736	1301.77274443277	1792.20389249518	-1.63581800927721	0.978619564704768	-0.46125716332105	19355	49.02	5	172762980	172782334	lncRNA	ENSG00000253736	NA	NA
ENSG00000135821	24690.3914071252	30978.1947214388	-1.63606602071477	0.978543290037438	-0.32730336525102	14109	46.71	1	182378098	182392206	protein_coding	ENSG00000135821	GLUL	2752
ENSG00000155307	5185.90770213661	6826.85777961293	-1.85668237988597	0.97847287602592	-0.3966251676839	173594	36.33	21	14485228	14658821	protein_coding	ENSG00000155307	SAMSN1	64092
ENSG00000145555	338.654389511226	552.320111656694	-1.63639687996252	0.978440636877568	-0.705690965732959	274382	44.1	5	16661907	16936288	protein_coding	ENSG00000145555	MYO10	4651
ENSG00000090238	18121.440001185	21965.2730246547	-1.62778926647638	0.97843744217095	-0.277526829814611	4602	58.41	16	30092314	30096915	protein_coding	ENSG00000090238	YPEL3	83719
ENSG00000130522	8529.62458472932	10500.8931026959	-1.6277204072816	0.978407964080459	-0.299957883997707	1929	69.93	19	18279694	18281622	protein_coding	ENSG00000130522	JUND	3727
ENSG00000188175	63.7549200708837	171.646113013617	-1.62757094509306	0.978343928809754	-1.42882860082702	37936	35.82	7	93188534	93226469	protein_coding	ENSG00000188175	HEPACAM2	253012
ENSG00000163754	3196.61991674902	3956.38785743578	-1.62717956948233	0.978116054124051	-0.30763664951404	40368	41.21	3	148991408	149031775	protein_coding	ENSG00000163754	GYG1	2992
ENSG00000119888	27.28421386255	96.9735019661981	-1.76674478447016	0.978081895015409	-1.82952410829223	42444	44.35	2	47345158	47387601	protein_coding	ENSG00000119888	EPCAM	4072
ENSG00000170340	3697.12995613261	4250.38924413938	-1.62695202360191	0.977976047313498	-0.201189211170077	28617	45.39	2	62196115	62224731	protein_coding	ENSG00000170340	B3GNT2	10678
ENSG00000138867	10427.5384655779	13502.4593429967	-1.63837641778668	0.977694310476988	-0.372823570108329	15513	55.14	22	24540423	24555935	protein_coding	ENSG00000138867	GUCD1	83606
ENSG00000143321	7418.60678490846	10773.7530377095	-2.27161240394706	0.977547721052952	-0.538300721241615	24817	51.35	1	156742109	156766925	protein_coding	ENSG00000143321	HDGF	3068
ENSG00000173812	12203.0438867943	15324.1311411594	-1.9630278914289	0.977416771304083	-0.328564223509034	3784	49.15	17	41688885	41692668	protein_coding	ENSG00000173812	EIF1	10209
ENSG00000173391	37.5865096459062	103.686301486046	-1.62593530509936	0.977306032368348	-1.4639384497757	13838	38.78	12	10158301	10172138	protein_coding	ENSG00000173391	OLR1	4973
ENSG00000184792	5964.57859790375	12894.4536342353	-1.96251612841305	0.976945363684181	-1.11225852521502	214043	48.17	22	30693782	30907824	protein_coding	ENSG00000184792	OSBP2	23762
ENSG00000079308	24200.6245701205	38182.7396506833	-1.76538174905693	0.976904313581142	-0.657876340224826	234395	52.84	2	217799588	218033982	protein_coding	ENSG00000079308	TNS1	7145
ENSG00000126267	2841.97502983316	3341.29981859892	-1.64042625371072	0.976672506044418	-0.233515564307214	10460	48.83	19	35648323	35658782	protein_coding	ENSG00000126267	COX6B1	1340
ENSG00000197728	1718.96281437437	2316.45175034836	-1.62469080910937	0.976300372244754	-0.43037829669927	3347	47.33	12	56041351	56044697	protein_coding	ENSG00000197728	RPS26	6231
ENSG00000104765	22826.0487049917	39761.1119888887	-1.76462103763801	0.976214618478595	-0.800676960983356	122583	43.6	8	26383054	26505636	protein_coding	ENSG00000104765	BNIP3L	665
ENSG00000243064	142.221204959605	406.834422023098	-1.78675971904098	0.976034590070383	-1.51630516537259	126549	36.49	21	14236206	14362754	transcribed_unprocessed_pseudogene	ENSG00000243064	ABCC13	150000
ENSG00000111886	660.729201701994	925.737073291848	-1.64253002502251	0.97530601938168	-0.486543391463518	60836	45.69	6	89254464	89315299	protein_coding	ENSG00000111886	GABRR2	2570
ENSG00000204613	425.669499544311	923.663292533913	-1.76344511735518	0.975183677662805	-1.11763331431063	9269	45.93	6	30151943	30161211	protein_coding	ENSG00000204613	TRIM10	10107
ENSG00000134243	4081.23095560624	5299.65198278031	-1.77734909059964	0.974963233686364	-0.376893269401964	88351	42.26	1	109309568	109397918	protein_coding	ENSG00000134243	SORT1	6272
ENSG00000107566	1709.6887794527	2275.79225368691	-1.62327278403906	0.974934561616274	-0.412635136591953	35940	38.15	10	100150094	100186033	protein_coding	ENSG00000107566	ERLIN1	10613
ENSG00000196415	48.589893369705	136.642046286015	-1.64302899024441	0.974933893575631	-1.49167331376086	7177	58.03	19	840999	848175	protein_coding	ENSG00000196415	PRTN3	5657
ENSG00000079215	125.474428022246	245.889096237171	-1.72434143258374	0.974903530121567	-0.97061439159311	91747	40.39	5	36596588	36688334	protein_coding	ENSG00000079215	SLC1A3	6507
ENSG00000145335	3682.6853344621	5879.15758039849	-1.9590434328984	0.974700600993285	-0.674851315280167	137971	36.33	4	89700345	89838315	protein_coding	ENSG00000145335	SNCA	6622
ENSG00000077984	5334.99647090918	7095.06959846554	-1.95891520646609	0.974660110383543	-0.411329519636463	10660	56.39	20	24949269	24959928	protein_coding	ENSG00000077984	CST7	8530
ENSG00000143162	2310.88046330433	4318.1257287065	-1.95883672840515	0.9746387584871	-0.901962615864927	24689	44.5	1	167529117	167553805	protein_coding	ENSG00000143162	CREG1	8804
ENSG00000164587	10560.5287153074	12475.0556679799	-1.64342031770979	0.97462938568764	-0.240364188012619	7105	48.3	5	150442635	150449739	protein_coding	ENSG00000164587	RPS14	6208
ENSG00000198176	3261.28418539088	4622.16223441111	-1.78535384463803	0.97455811617261	-0.503127736481662	56753	53.33	13	113584721	113641473	protein_coding	ENSG00000198176	TFDP1	7027
ENSG00000141469	381.06316560021	1070.21381119017	-1.95848442486477	0.974542424769823	-1.48979698631933	65496	43.44	18	45687025	45752520	protein_coding	ENSG00000141469	SLC14A1	6563
ENSG00000272398	599.980728837397	1063.58474787505	-1.72388973748388	0.97450152590621	-0.825946926037631	5797	50.84	6	106969831	106975627	protein_coding	ENSG00000272398	CD24	100133941
ENSG00000112299	2151.74566284373	3221.63433669124	-1.95595669238933	0.973976824382256	-0.582285193082462	33207	38.11	6	132680849	132714055	protein_coding	ENSG00000112299	VNN1	8876
ENSG00000186417	20.124726060385	52.1480292954173	-1.72858918366779	0.973937707907946	-1.37364358822043	66351	44.75	15	51341655	51408005	protein_coding	ENSG00000186417	GLDN	342035
ENSG00000143479	135.656631509895	363.733752366825	-1.64434861573079	0.973852339595719	-1.42292323087063	48884	44.46	1	206635536	206684419	protein_coding	ENSG00000143479	DYRK3	8444
ENSG00000133069	1505.06278084512	5081.43182215822	-1.77901032336772	0.973455492902826	-1.75541140262789	57687	51.63	1	205227946	205285632	protein_coding	ENSG00000133069	TMCC2	9911
ENSG00000136840	2174.95329445433	3240.86280985284	-1.95280692940483	0.973219158771733	-0.575393530234069	9156	56.64	9	127907886	127917041	protein_coding	ENSG00000136840	ST6GALNAC4	27090
ENSG00000087460	24091.6937579523	28114.9310951157	-1.62146295218633	0.972985814379806	-0.222800685781225	71475	47.09	20	58839718	58911192	protein_coding	ENSG00000087460	GNAS	2778
ENSG00000116717	142.989528060035	256.661912276179	-1.62143265459901	0.972951842710728	-0.843959726860827	3134	52.65	1	67685201	67688334	protein_coding	ENSG00000116717	GADD45A	1647
ENSG00000090382	38535.2192628103	46588.4880602903	-1.62136384162461	0.972874556922476	-0.273795911494167	5854	36.54	12	69348381	69354234	protein_coding	ENSG00000090382	LYZ	4069
ENSG00000173868	30348.9225261289	37276.0319461372	-1.75986559677622	0.972736521219652	-0.29660299491969	7422	56.75	17	49223366	49230787	protein_coding	ENSG00000173868	PHOSPHO1	162466
ENSG00000105610	790.741070146276	1575.34583749963	-1.64560283184985	0.972712987091295	-0.994391316333381	2780	61.58	19	12884422	12887201	protein_coding	ENSG00000105610	KLF1	10661
ENSG00000172232	93.2894521826738	248.858385697402	-1.62080659340327	0.972246290149683	-1.41553912545063	6922	58.64	19	825097	832018	protein_coding	ENSG00000172232	AZU1	566
ENSG00000115271	27910.3520240691	34817.7828023568	-1.75768812304434	0.971854607082392	-0.319024014287029	52756	36.25	2	162318840	162371595	protein_coding	ENSG00000115271	GCA	25801
ENSG00000140564	12363.7662250603	15899.1205340306	-1.75657107899269	0.971547032078415	-0.362828683495588	14977	58.5	15	90868588	90883564	protein_coding	ENSG00000140564	FURIN	5045
ENSG00000162367	1191.79607994117	2072.26496178217	-1.69461649855547	0.971321048070886	-0.798071071932019	15931	53.17	1	47216290	47232220	protein_coding	ENSG00000162367	TAL1	6886
ENSG00000156508	81188.2689557163	97360.2561497679	-1.69225853008037	0.971228729016142	-0.262061678938057	36280	42.73	6	73489308	73525587	protein_coding	ENSG00000156508	EEF1A1	1915
ENSG00000100614	11324.438386057	14104.0049026926	-1.75519943047294	0.971213469656403	-0.316665376931895	53336	36.08	14	60245752	60299087	protein_coding	ENSG00000100614	PPM1A	5494
ENSG00000118518	3765.1652534728	4420.05377106916	-1.69503113834119	0.971168286265244	-0.231350734158725	21842	36.4	6	127266726	127288567	protein_coding	ENSG00000118518	RNF146	81847
ENSG00000134333	2682.39880596359	3198.43879509511	-1.69197938725025	0.971160789973798	-0.253844130257942	13866	43.95	11	18394560	18408425	protein_coding	ENSG00000134333	LDHA	3939
ENSG00000168159	2933.85683643771	3785.26293715687	-1.75369553855333	0.970859333872476	-0.367595044700187	8807	55.49	1	228487382	228496188	protein_coding	ENSG00000168159	RNF187	149603
ENSG00000088826	870.308087464761	1524.90704380922	-1.75284447998578	0.970621911534237	-0.809123192807354	66768	49.87	20	4120980	4187747	protein_coding	ENSG00000088826	SMOX	54498
ENSG00000162399	113.76287790254	317.592009800381	-1.7524038254405	0.970492762288431	-1.48114474968339	18240	51.71	1	54998933	55017172	protein_coding	ENSG00000162399	BSND	7809
ENSG00000111666	3026.24100816073	3911.42927197176	-1.7522738396406	0.970448206226861	-0.370168990249154	47194	38.42	12	101696947	101744140	protein_coding	ENSG00000111666	CHPT1	56994
ENSG00000231500	7134.30635197795	8956.16402755843	-1.69733283955735	0.970170058416362	-0.328107783210107	4437	46.9	6	33272075	33276511	protein_coding	ENSG00000231500	RPS18	6222
ENSG00000184260	2139.64818799169	2589.41101826622	-1.69930787517338	0.969339603046673	-0.275250382231433	494	58.3	1	149886918	149887411	protein_coding	ENSG00000184260	H2AC20	8338
ENSG00000113749	31623.9889534322	39633.4176491293	-1.74959255868155	0.969321441187473	-0.325698022107411	52727	50.07	5	175658030	175710756	protein_coding	ENSG00000113749	HRH2	3274
ENSG00000100448	34.1341962837125	112.574622556348	-1.69997591895748	0.96912136787973	-1.72159195256545	2733	53.71	14	24573518	24576250	protein_coding	ENSG00000100448	CTSG	1511
ENSG00000113916	26522.5016657135	33217.6082499361	-1.70587995262102	0.968785345666716	-0.324731339112709	24349	47.68	3	187721377	187745725	protein_coding	ENSG00000113916	BCL6	604
ENSG00000163554	453.997547827789	898.531948749358	-1.74855418836649	0.968720529531379	-0.984885296867401	76012	37.55	1	158610704	158686715	protein_coding	ENSG00000163554	SPTA1	6708
ENSG00000005381	331.133567712457	689.506966612569	-1.70675689988447	0.968693379026322	-1.05815186125059	11081	55.12	17	58269855	58280935	protein_coding	ENSG00000005381	MPO	4353
ENSG00000100558	294.511015015129	495.195370357483	-1.61705695249656	0.96807382691433	-0.749676233337138	25184	47.4	14	67386984	67412167	protein_coding	ENSG00000100558	PLEK2	26499
ENSG00000111640	15562.4467248175	17599.6158965839	-1.70912180864156	0.967977720584041	-0.177475044671876	3863	59.98	12	6534512	6538374	protein_coding	ENSG00000111640	GAPDH	2597
ENSG00000063854	4035.90337702429	5375.90679753019	-1.70970781047516	0.967666507320581	-0.4136164907237	31538	53.32	16	1795620	1827157	protein_coding	ENSG00000063854	HAGH	3029
ENSG00000008952	2868.50838614012	4401.31108981152	-1.71004003142225	0.967487426176022	-0.617632610964797	31739	36.6	3	169966635	169998373	protein_coding	ENSG00000008952	SEC62	7095
ENSG00000171863	1319.3608927148	1885.07240108491	-1.68852293302843	0.967158512202623	-0.514780687377836	5661	44.62	2	3575260	3580920	protein_coding	ENSG00000171863	RPS7	6201
ENSG00000266412	40537.4480500769	72528.4530671662	-1.71276992822871	0.965887341392996	-0.839291808694511	25536	41.18	10	46005088	46030623	protein_coding	ENSG00000266412	NCOA4	8031
ENSG00000198959	728.386848440553	1256.9365976599	-1.6877350638371	0.965677483265918	-0.78713510049037	39194	52.67	20	38127385	38166578	protein_coding	ENSG00000198959	TGM2	7052
ENSG00000144567	5242.42476081301	6358.41985487632	-1.71692943171576	0.965668959224797	-0.278434031746822	9251	53.86	2	219176225	219185475	protein_coding	ENSG00000144567	RETREG2	79137
ENSG00000026025	12868.1981582363	14766.2400234156	-1.68768063927408	0.965560175942283	-0.198492457220032	9353	46.3	10	17228241	17237593	protein_coding	ENSG00000026025	VIM	7431
ENSG00000140941	4413.39554292154	5844.71635803903	-1.71502639317741	0.965216091325258	-0.405243960840289	20827	47.5	16	87383953	87404779	protein_coding	ENSG00000140941	MAP1LC3B	81631
ENSG00000149516	244.433073334485	517.233193249146	-1.71527145647364	0.965201401510243	-1.08137535844994	14529	39.16	11	60056587	60071115	protein_coding	ENSG00000149516	MS4A3	932
ENSG00000228474	2449.3117784279	3024.12430895667	-1.65280020714669	0.965094464349684	-0.304141014366521	1183	54.69	2	27070472	27071654	protein_coding	ENSG00000228474	OST4	100128731
ENSG00000131469	2001.22125579445	2591.29892692114	-1.61339136382633	0.9643310412467	-0.372794770472046	4687	49.84	17	42998273	43002959	protein_coding	ENSG00000131469	RPL27	6155
ENSG00000110955	4955.01518678402	5974.80739618437	-1.68708911044408	0.964283091822271	-0.270002727963314	7810	45.22	12	56638175	56645984	protein_coding	ENSG00000110955	ATP5F1B	506
ENSG00000110203	1021.17609895161	1565.60142327216	-1.65383957771046	0.96405307712789	-0.616485296237695	25024	45.32	11	72114869	72139892	protein_coding	ENSG00000110203	FOLR3	2352
ENSG00000070729	211.967855230825	374.598100645175	-1.66613027016319	0.963796717036775	-0.821498086851724	88789	50.27	16	57882340	57971128	protein_coding	ENSG00000070729	CNGB1	1258
ENSG00000260549	48.63320287425	118.206016929629	-1.66676523690132	0.963785340430071	-1.28128996103733	1343	55.25	16	56617476	56618818	transcribed_unprocessed_pseudogene	ENSG00000260549	MT1L	4500
ENSG00000115649	3935.200548095	5846.7755051945	-1.66677036517321	0.963785248501234	-0.571204037052294	6210	54.28	2	219171897	219178106	protein_coding	ENSG00000115649	CNPPD1	27013
ENSG00000180537	202.75544437201	603.84373202505	-1.74294567228434	0.963634535824425	-1.57443459049322	55865	38.5	6	13924446	13980310	protein_coding	ENSG00000180537	RNF182	221687
ENSG00000103363	1032.52505300723	1371.33592493311	-1.61261646837722	0.963561722995356	-0.409405232231599	5867	55.45	16	2771414	2777280	protein_coding	ENSG00000103363	ELOB	6923
ENSG00000177954	1691.99214669553	2311.49079757606	-1.66483839891792	0.963556347117258	-0.450100746709643	1394	45.91	1	153990762	153992155	protein_coding	ENSG00000177954	RPS27	6232
ENSG00000165949	335.668466108495	1074.640956174	-1.66446070243433	0.963441477539497	-1.67874581086883	11863	48.7	14	94104836	94116698	protein_coding	ENSG00000165949	IFI27	3429
ENSG00000119669	2727.99941514291	3562.05193844921	-1.66424568879536	0.963357934629009	-0.384865217536056	4166	62.84	14	77024543	77028708	protein_coding	ENSG00000119669	IRF2BPL	64207
ENSG00000242550	45.202108074105	110.8987703455	-1.6685662335351	0.962832682950352	-1.29478140710889	38938	36.52	18	63897174	63936111	protein_coding	ENSG00000242550	SERPINB10	5273
ENSG00000136003	2650.36874256954	3302.53818159013	-1.65705824871826	0.961789938155404	-0.317382146938255	6787	45.78	12	108562582	108569368	protein_coding	ENSG00000136003	ISCU	23479
ENSG00000173744	10411.4724928544	11829.7240474158	-1.68600616447255	0.961785262356994	-0.184242297057047	89066	37.09	2	227472152	227561217	protein_coding	ENSG00000173744	AGFG1	3267
ENSG00000137216	5390.21900940793	7633.29524303283	-1.66970803013571	0.96166003228225	-0.501962101272952	28606	54.28	6	44126914	44155519	protein_coding	ENSG00000137216	TMEM63B	55362
ENSG00000072682	2495.01061906191	3249.01741585399	-1.7407367158786	0.961472983641307	-0.380957521173889	105169	49.23	5	132190147	132295315	protein_coding	ENSG00000072682	P4HA2	8974
ENSG00000179914	54.8267979252063	158.731892717704	-1.65951900902823	0.961404054085653	-1.53363890354154	8641	47.47	1	160876540	160885180	protein_coding	ENSG00000179914	ITLN1	55600
ENSG00000073792	2711.17942823432	4922.181404453	-1.73946658116596	0.960640592044425	-0.860377233397	181913	42.56	3	185643130	185825042	protein_coding	ENSG00000073792	IGF2BP2	10644
ENSG00000102780	3226.69692282944	4374.83163265139	-1.7389074050817	0.960450900216456	-0.439169420513808	216543	38.24	13	42040036	42256578	protein_coding	ENSG00000102780	DGKH	160851
ENSG00000198258	831.934549859895	1117.53156700941	-1.60854758089466	0.959691011923337	-0.425773645995934	2224	52.38	19	9827892	9830115	protein_coding	ENSG00000198258	UBL5	59286
ENSG00000109906	5995.46477489849	9363.30500452067	-1.6074512845906	0.958770828891968	-0.643146256491807	197725	47.53	11	114059041	114256765	protein_coding	ENSG00000109906	ZBTB16	7704
ENSG00000164105	245.887117590645	410.203554445444	-1.68475363195002	0.958759942282114	-0.738343841063739	7564	42.24	4	173369969	173377532	protein_coding	ENSG00000164105	SAP30	8819
ENSG00000274536	17065.5938035449	21104.4164613155	-1.60569601383463	0.957509312903334	-0.306454324812964	4962	43.47	X	66015461	66020422	lncRNA	ENSG00000274536	MIR223HG	115891964
ENSG00000089157	8355.92642824668	9912.00889567353	-1.60538347530431	0.957301875544108	-0.246377692339	4537	48.95	12	120196699	120201235	protein_coding	ENSG00000089157	RPLP0	6175
ENSG00000169174	20.8005797329225	81.0864463209115	-1.53980096751421	0.95395236813914	-1.96283704842452	25406	55.52	1	55039447	55064852	protein_coding	ENSG00000169174	PCSK9	255738
ENSG00000175931	6017.18488312009	8690.31973789235	-1.53930755125476	0.953951000868687	-0.530320572777623	63697	49.84	17	76389456	76453152	protein_coding	ENSG00000175931	UBE2O	63893
ENSG00000125037	2598.04158649211	3488.67588783632	-1.59966497280745	0.953808728793839	-0.425255047536854	48580	44.9	3	9962537	10011116	protein_coding	ENSG00000125037	EMC3	55831
ENSG00000136867	4442.0259231037	5553.78139697262	-1.53849293364282	0.953741090214316	-0.322252579893149	13165	48.03	9	113150976	113164140	protein_coding	ENSG00000136867	SLC31A2	1318
ENSG00000167468	1728.1865162174	2442.43532065633	-1.54125597792331	0.953710653234728	-0.499061427799696	2866	69.47	19	1103926	1106791	protein_coding	ENSG00000167468	GPX4	2879
ENSG00000096968	13963.9849172215	15904.3607196752	-1.54132559456157	0.953684681132506	-0.187711679782871	145559	37.57	9	4984390	5129948	protein_coding	ENSG00000096968	JAK2	3717
ENSG00000108309	775.942085369189	1679.85313558943	-1.53784217266419	0.953530029523155	-1.11431422619099	10258	59.03	17	44308413	44318670	protein_coding	ENSG00000108309	RUNDC3A	10900
ENSG00000102109	109.884523163361	282.693410364506	-1.53782353183663	0.953521346485806	-1.36325005184328	4515	55.39	X	48831096	48835610	protein_coding	ENSG00000102109	PCSK1N	27344
ENSG00000123643	5750.04041956378	6644.32704148464	-1.537409463882	0.953328389520424	-0.208550988740665	55334	42.72	5	151437046	151492379	protein_coding	ENSG00000123643	SLC36A1	206358
ENSG00000021355	5355.99500383483	6341.7082632241	-1.59903362913588	0.953287939138652	-0.24371689596511	9628	43.07	6	2832332	2841959	protein_coding	ENSG00000021355	SERPINB1	1992
ENSG00000133193	3968.97271222183	5128.85449822713	-1.67476630172572	0.952874647855832	-0.369871000267641	29401	43.89	17	73207353	73236753	protein_coding	ENSG00000133193	FAM104A	84923
ENSG00000134294	4960.90826242053	5726.12750460775	-1.53641596763108	0.952817396203404	-0.206955516393209	14586	38.31	12	46358188	46372773	protein_coding	ENSG00000134294	SLC38A2	54407
ENSG00000279359	2.9434288482425	8.67890051448462	-1.54329036547306	0.952505976347592	-1.56001453290864	4412	48.53	10	80249710	80254121	TEC	ENSG00000279359	NA	NA
ENSG00000119048	7758.398264166	8925.25196039532	-1.53569271560371	0.952371239545797	-0.202134061019778	20640	41.25	5	134371469	134392108	protein_coding	ENSG00000119048	UBE2B	7320
ENSG00000005302	4993.69841073188	5804.88451514198	-1.59797108387326	0.952342200699621	-0.217158671966289	17614	42.85	X	11758159	11775772	protein_coding	ENSG00000005302	MSL3	10943
ENSG00000101916	8873.45553609321	10674.4862506184	-1.59768889814444	0.952076447055228	-0.266598697388008	16550	41.32	X	12906620	12923169	protein_coding	ENSG00000101916	TLR8	51311
ENSG00000118855	2958.26623759593	3438.85616022526	-1.53509675513341	0.95198093863825	-0.217176874643188	97522	40.83	3	158732198	158829719	protein_coding	ENSG00000118855	MFSD1	64747
ENSG00000107521	8869.23687633258	11357.746580376	-1.67551088561483	0.951763167387123	-0.356794743979029	30738	49.71	10	98416198	98446935	protein_coding	ENSG00000107521	HPS1	3257
ENSG00000101608	4126.75923322216	4740.03136793068	-1.67572778701509	0.9514496052622	-0.199887336524058	8756	38.81	18	3247481	3256236	protein_coding	ENSG00000101608	MYL12A	10627
ENSG00000185262	7265.48167954426	8237.34368540153	-1.5966975829866	0.951103353229371	-0.181120735952018	5951	58.09	17	76265348	76271298	protein_coding	ENSG00000185262	UBALD2	283991
ENSG00000112077	99.1122127129938	226.367658661825	-1.59594264213797	0.950335555112483	-1.19153310993039	31665	39.67	6	49605175	49636839	protein_coding	ENSG00000112077	RHAG	6005
